0 1681288495890627
1 1681288495931173
2 1681288495959882
3 1681288495993346
4 1681288496027536
5 1681288496062126
6 1681288496096646
7 1681288496130881
8 1681288496174257
9 1681288496207717
10 1681288496235855
11 1681288496268458
12 1681288496302886
13 1681288496337275
14 1681288496371697
15 1681288496406275
16 1681288496440370
17 1681288496474918
18 1681288496509365
19 1681288496543862
20 1681288496578263
21 1681288496612660
22 1681288496646792
23 1681288496681365
24 1681288496716216
25 1681288496751243
26 1681288496784690
27 1681288496819004
28 1681288496853259
29 1681288496887858
30 1681288496922123
31 1681288496956656
32 1681288496990966
33 1681288497025444
34 1681288497060043
35 1681288497094262
36 1681288497128870
37 1681288497163096
38 1681288497197509
39 1681288497232219
40 1681288497266485
41 1681288497300906
42 1681288497335397
43 1681288497369753
44 1681288497404135
